# 60181.0 34701.3697517 0.7144645956 1626 1430.391 0.000 256 k 1 0329+54
1 -69245.015625 -1971833.125000 -1735678.625000 -2627035.750000 6732846.500000 13507214.000000 13725673.000000 -5539226.500000
2 210521.312500 -1741931.500000 -1671089.625000 -2121656.000000 3269372.000000 24121074.000000 6312450.500000 -4685639.500000
3 17755.402344 -1801991.750000 -1939526.125000 -2406797.000000 2629586.000000 20430496.000000 10744947.000000 -5683670.000000
4 -20777.421875 -1448710.625000 -1570484.625000 -2140084.500000 2036874.750000 19962696.000000 15964071.000000 -5237190.500000
5 -184773.812500 -2079131.750000 -1907302.250000 -2689727.500000 9416385.000000 13900962.000000 14367858.000000 -5319386.000000
6 141855.609375 -1531420.875000 -1660882.750000 -1906872.875000 7210658.500000 12614734.000000 20895100.000000 -4758579.500000
7 189413.125000 -1635317.125000 -1497110.625000 -1914886.125000 5318175.000000 27845202.000000 10712656.000000 -4606504.000000
8 188955.281250 -1629506.625000 -1604554.250000 -2001477.000000 11498329.000000 20312474.000000 16014772.000000 -4709605.000000
9 42130.984375 -2100510.500000 -2051563.125000 -2485994.250000 6116590.500000 15103031.000000 14372363.000000 -5498907.500000
10 -181827.375000 -2093325.000000 -1938232.875000 -2500798.000000 7627903.000000 18823116.000000 8141450.500000 -5619736.500000
11 -6376.807129 -1901075.250000 -1760049.875000 -2281846.500000 5209302.500000 17537232.000000 13551810.000000 -4988509.000000
12 -99946.351562 -2159201.000000 -2077995.000000 -2505782.000000 7990345.000000 23737116.000000 8528233.000000 -5465446.000000
13 -99284.679688 -1917432.125000 -2013394.250000 -2683525.500000 4145651.250000 16170127.000000 5293951.500000 -5591455.500000
14 -166940.406250 -1754600.500000 -1909349.625000 -2344498.750000 2177424.750000 19355066.000000 15779172.000000 -5653168.000000
15 230460.593750 -1250948.625000 -1269622.375000 -1514458.875000 11613141.000000 14561031.000000 15554997.000000 -4275790.000000
16 -53168.464844 -1592256.125000 -1441852.125000 -2227588.500000 8490783.000000 12804794.000000 13001014.000000 -5248562.000000
17 -47081.222656 -1911619.000000 -1818970.625000 -2464510.250000 4434286.500000 19603428.000000 12609897.000000 -5052768.000000
18 48632.335938 -1725814.625000 -1411447.375000 -2576274.750000 4819673.000000 33277376.000000 11704911.000000 -5136928.000000
19 622753.312500 -924870.062500 -478871.125000 -1114287.375000 9731698.000000 15494466.000000 16081443.000000 -3905868.500000
20 119803.132812 -1474608.875000 -1598264.000000 -1837107.125000 9967027.000000 42353216.000000 13216847.000000 -4695830.000000
21 305318.375000 -1349210.250000 -1534244.000000 -1809231.000000 25033296.000000 19962956.000000 14101292.000000 -4970065.000000
22 899147.687500 527798.750000 -162518.625000 -404579.843750 5083850.500000 23631812.000000 14373560.000000 -5030321.500000
23 1477955.875000 3030303.750000 2508121.750000 3392179.250000 9432393.000000 22364608.000000 7094526.000000 -4991877.500000
24 1117870.375000 3273285.000000 3322268.750000 8431440.000000 11503643.000000 25295864.000000 11309050.000000 -3528218.750000
25 1484544.875000 2256501.500000 2459893.750000 6089902.500000 12351715.000000 25452802.000000 19203796.000000 356457.562500
26 939144.187500 1122793.125000 1068975.000000 2816657.000000 11373391.000000 17904292.000000 13845081.000000 -1644152.125000
27 1526605.875000 2596500.250000 2046932.875000 3972375.000000 4947388.000000 19019666.000000 11593469.000000 -3347083.750000
28 2420603.250000 6057258.500000 5069858.000000 8194360.500000 14842862.000000 17340524.000000 9489382.000000 -3915613.250000
29 3743543.000000 10566309.000000 9496660.000000 15864662.000000 8569850.000000 35040852.000000 10156436.000000 -2761122.250000
30 5879546.000000 16010066.000000 13942843.000000 24161154.000000 16301688.000000 22866298.000000 12909728.000000 -331178.687500
31 9106543.000000 28933684.000000 25267572.000000 39348124.000000 17889148.000000 27044348.000000 28740778.000000 2608240.750000
32 6865644.000000 30200138.000000 32656340.000000 63016872.000000 21910206.000000 45342960.000000 17090196.000000 6990964.500000
33 3013474.000000 13395561.000000 17962532.000000 47259656.000000 27035096.000000 37366168.000000 25280210.000000 14925628.000000
34 1674366.125000 5464021.500000 6882408.000000 18630644.000000 17450322.000000 27218272.000000 22681930.000000 17187716.000000
35 1491161.250000 4077782.250000 3927359.000000 9086238.000000 9495464.000000 26588238.000000 8612688.000000 6270324.500000
36 1532762.000000 3565474.500000 3697369.750000 8043219.000000 9286674.000000 12096403.000000 9254520.000000 -585329.875000
37 2117532.000000 4752203.000000 4173310.000000 8079057.000000 7451925.000000 15893060.000000 14146077.000000 -1838196.750000
38 2588747.250000 7828514.500000 7063492.000000 12027644.000000 6956795.000000 20002132.000000 5126961.000000 -2367442.750000
39 1367104.000000 5511493.500000 7345131.500000 16240415.000000 8844495.000000 15744846.000000 14900168.000000 -1163221.875000
40 311565.812500 89002.921875 1173900.500000 6714740.500000 6024131.000000 14694068.000000 7703643.000000 -116067.265625
41 -48006.234375 -1435221.625000 -944073.000000 176973.343750 2283253.250000 13846611.000000 6055448.500000 -375204.656250
42 49531.203125 -1836167.000000 -1699108.375000 -1735135.125000 2108447.000000 6184034.000000 5762543.000000 -3879583.250000
43 -238917.281250 -2095291.500000 -2032698.125000 -2427266.750000 -432435.531250 7930162.500000 -296758.906250 -5317129.500000
44 -161522.312500 -2122402.000000 -1987071.000000 -2770185.250000 -317500.750000 5728074.500000 1418776.875000 -5977683.000000
45 -321393.843750 -2208329.500000 -2026809.625000 -2704184.000000 -599367.937500 2694963.750000 2278113.750000 -5837765.500000
46 -90590.015625 -1934641.875000 -2152332.500000 -2724872.250000 1604636.125000 2334135.250000 402156.062500 -5593956.000000
47 -92355.812500 -1992238.000000 -1887214.000000 -2476224.500000 -739796.250000 2704615.000000 -167778.234375 -5228317.000000
48 225662.734375 -1730404.750000 -1628900.375000 -1937181.250000 -615246.437500 2428369.000000 682343.312500 -4939025.500000
49 -124777.820312 -2046073.750000 -2139217.750000 -2669942.000000 -320337.937500 1858464.750000 -1688396.750000 -5757919.000000
50 -180471.156250 -1959855.500000 -2246933.750000 -2547557.500000 -564781.062500 2836724.500000 2311921.250000 -5724973.500000
51 1833.354126 -2140246.250000 -1993112.125000 -2580291.250000 -995413.312500 2269778.500000 -736297.812500 -5555659.000000
52 94812.015625 -1275459.625000 -1561968.000000 -1592482.250000 -285588.156250 3998598.250000 227302.343750 -4237072.000000
53 112043.531250 -1446545.750000 -1764720.125000 -2081074.375000 -436727.750000 2893626.750000 -286293.406250 -4853183.000000
54 -140241.937500 -2058493.500000 -2155652.500000 -2776198.000000 -1559329.000000 3500238.500000 -485435.937500 -5658324.500000
55 -211935.593750 -2107523.000000 -2143261.250000 -2270867.000000 9126.764648 329036.437500 -1235951.875000 -5571225.500000
56 -135615.296875 -1992022.625000 -2170172.250000 -2688869.000000 -1480670.000000 868651.812500 -578259.062500 -6104915.000000
57 -291531.718750 -2362871.250000 -2128902.500000 -3095491.250000 -1623808.375000 519697.406250 -1447474.250000 -5651805.500000
58 -153761.859375 -2108431.750000 -2133381.250000 -2483879.750000 -1577689.500000 2163004.750000 -1434191.000000 -5402696.500000
59 210789.265625 -1077746.750000 -1665582.250000 -2039767.000000 129409.359375 1418025.125000 1403360.125000 -3972964.500000
60 -120212.437500 -1932067.750000 -1930268.375000 -2788964.250000 -2471575.750000 1919252.125000 -370854.468750 -5153247.000000
61 -30654.755859 -1881360.750000 -1549005.125000 -2782132.250000 -1346305.125000 1536546.750000 -1875392.625000 -5486478.500000
62 180621.265625 -1761898.750000 -1529853.875000 -2208188.500000 -357607.031250 1758502.500000 1164592.125000 -4514849.000000
63 12822.857422 -2060030.625000 -1862941.750000 -2611636.250000 -1841494.750000 1555816.750000 -593451.812500 -5614903.500000
64 -1464.842651 -1753716.000000 -1592986.125000 -2543734.000000 -1120214.750000 817587.937500 146090.093750 -4787237.500000
65 -44258.253906 -2193213.000000 -2119996.500000 -2817834.750000 -1706745.125000 205791.156250 -1492077.000000 -5946928.500000
66 -103099.117188 -2133166.250000 -1920929.375000 -2462349.000000 -1025050.125000 474174.593750 -1935960.000000 -5164543.000000
67 -32766.232422 -2091537.375000 -2082527.375000 -2548217.750000 -1521184.000000 364156.531250 -1109509.500000 -5793076.500000
68 -212987.531250 -2149291.750000 -2186413.250000 -2612817.250000 -2380256.250000 96296.882812 -2084047.250000 -6043557.500000
69 -184662.734375 -2391498.750000 -2249971.500000 -3035651.250000 -982957.875000 32585.714844 -2594374.500000 -5572764.500000
70 30367.128906 -1922541.000000 -1616923.625000 -2286681.500000 -1132076.375000 291963.625000 -113713.406250 -5033125.500000
71 -87546.046875 -2011580.250000 -1718347.875000 -2295479.500000 -2043406.750000 537692.125000 -2613180.250000 -5229855.500000
72 -216613.484375 -2298808.500000 -2154667.250000 -2947606.500000 -1739699.125000 -349460.375000 -3521759.500000 -6142020.000000
73 -240085.015625 -2437686.250000 -2167781.250000 -2849512.750000 -1427080.000000 -970192.187500 -3080257.750000 -5618275.000000
74 -207939.359375 -2049761.500000 -2159506.000000 -2714245.750000 -2535984.250000 -929103.000000 -1325283.000000 -6141419.000000
75 819616.812500 -528695.562500 539238.250000 156375.890625 2407457.750000 3502566.750000 2723649.250000 -2476761.250000
76 80633.453125 -1871516.500000 -1750451.625000 -2397815.000000 -1216924.875000 -47424.824219 -1316633.625000 -5568942.500000
77 58890.542969 -1901691.875000 -1681377.375000 -1964982.500000 -1679378.500000 -503819.625000 -2280037.750000 -5017026.500000
78 322026.468750 -1502626.000000 -753354.250000 -1315644.875000 813590.875000 935365.750000 -684365.437500 -4520947.000000
79 84786.601562 -1970286.750000 -1719159.625000 -2149588.500000 -1999703.875000 -714303.000000 -2649275.250000 -5366148.000000
80 -211927.312500 -1754676.500000 -1775727.250000 -2314267.500000 -2290534.000000 -174780.609375 -2447422.500000 -5166878.500000
81 -38289.843750 -2160149.250000 -1880637.375000 -2544208.250000 -1680930.250000 -874112.687500 -3405988.500000 -5695600.000000
82 -332234.187500 -2036980.625000 -2207983.500000 -2753144.000000 -2601950.500000 -588305.125000 -3919873.500000 -6013781.000000
83 -208282.234375 -2163409.750000 -1951718.750000 -3047607.250000 -2073642.875000 -683349.750000 -3435974.500000 -5604007.500000
84 -55989.656250 -1735977.875000 -2139578.250000 -2447991.250000 -2266713.000000 -708129.750000 -3563297.500000 -5591802.500000
85 -281112.562500 -2045647.250000 -2163932.250000 -2782863.750000 -2396282.500000 -777819.687500 -3877443.500000 -6504138.000000
86 -180695.984375 -2066178.875000 -1975425.250000 -2358226.000000 -2044924.500000 -108031.468750 -3934683.000000 -5589216.000000
87 138978.906250 -1801561.000000 -1695431.625000 -1965822.500000 -946342.625000 158085.687500 -1092886.000000 -4654376.000000
88 -157264.171875 -2316590.750000 -1931663.625000 -2619466.500000 -2527455.500000 -845156.062500 -3547685.750000 -5436195.500000
89 -290857.468750 -2306770.750000 -2210132.000000 -2813502.250000 -2422401.250000 -873263.312500 -3591698.500000 -5854515.500000
90 -142526.984375 -2104497.750000 -2020400.500000 -2606395.250000 -2396258.250000 -979683.562500 -3756211.750000 -6195185.500000
91 -88914.890625 -2079832.375000 -2223463.250000 -2628452.500000 -2350855.250000 -758393.937500 -4190005.750000 -5706542.500000
92 -227611.265625 -2306213.000000 -2243058.750000 -2638914.500000 -2495048.000000 -762512.000000 -3436187.500000 -5446651.500000
93 -141662.828125 -2239578.250000 -2134580.250000 -2587540.750000 -2427061.500000 -1141687.250000 -3336429.250000 -6221096.500000
94 -65058.246094 -2115468.000000 -2025023.375000 -2533878.750000 -2516745.250000 -572213.125000 -2596845.750000 -5801406.500000
95 -9190.650391 -2030915.000000 -2288639.000000 -2845474.000000 -2561911.500000 -832297.937500 -3911668.000000 -5622079.000000
96 541617.125000 -590799.125000 401530.750000 214817.734375 1689523.250000 2412911.500000 4379779.000000 -1555338.250000
97 -53385.617188 -1951703.250000 -1939982.000000 -2306651.000000 -2055425.375000 -1270041.750000 -2691295.500000 -5041131.000000
98 -93161.226562 -2072886.625000 -2068656.500000 -2525362.750000 -2775387.750000 -1757159.375000 -3693652.500000 -5906257.000000
99 -195094.531250 -2103269.500000 -2308557.500000 -2759485.250000 -2250272.250000 -1500960.250000 -3444934.750000 -6498358.000000
100 205532.109375 -1449632.625000 -1663549.750000 -1448350.125000 -1340987.125000 -484987.562500 -1765067.375000 -4834395.500000
101 -285459.875000 -2071668.875000 -2270136.000000 -2796988.500000 -2280146.250000 -1751255.500000 -3829751.750000 -5804734.500000
102 -22493.349609 -1916091.750000 -1994448.375000 -2469854.750000 -2290692.000000 -1525902.000000 -3868917.750000 -5910047.500000
103 1877.654785 -1990758.000000 -2164370.250000 -2873011.250000 -2563166.500000 -1372284.750000 -3489887.750000 -5628224.500000
104 34670.218750 -1997427.750000 -2288183.500000 -2937721.750000 -2517841.250000 -1243652.125000 -3961176.500000 -5905537.500000
105 -281729.781250 -2220262.000000 -2023047.750000 -2686542.000000 -2710383.000000 -1879653.250000 -3332180.500000 -5741443.000000
106 -69229.789062 -2117579.250000 -2263054.000000 -2728000.750000 -2298882.000000 -1116731.250000 -3690690.250000 -5644321.500000
107 -248735.265625 -2280697.000000 -2134151.750000 -2895209.750000 -2833479.250000 -1622982.625000 -4067384.500000 -6387914.000000
108 -227454.406250 -2030817.125000 -2062419.750000 -2600508.750000 -2525695.750000 -1285353.375000 -3080839.000000 -6011118.500000
109 86481.742188 -1607283.250000 -1889877.875000 -2518225.000000 -2276662.750000 -1157811.625000 -3257879.250000 -5289808.000000
110 -131403.609375 -1793657.625000 -2036039.375000 -2704726.250000 -2911044.000000 -1562907.125000 -3648106.000000 -5334893.000000
111 -189591.937500 -1937434.875000 -1964908.375000 -2852074.000000 -3368967.000000 -1084917.625000 -3954620.000000 -5461190.500000
112 -165048.343750 -1932360.000000 -2009973.250000 -2710959.500000 -2602195.250000 -758914.937500 -3151113.750000 -5408644.500000
113 -137712.109375 -1971838.750000 -1989565.625000 -2681914.500000 -2711132.500000 -1405459.375000 -3918445.750000 -5439018.500000
114 -169899.546875 -1960020.750000 -2193575.750000 -2655851.250000 -3310091.250000 -1191683.875000 -3618705.000000 -5474050.500000
115 -96861.398438 -1897636.625000 -1764477.625000 -2232633.000000 -2598238.750000 -1312787.750000 -3397236.250000 -5427967.000000
116 257407.734375 -1673077.250000 -1283702.875000 -1837812.625000 -951993.562500 -659206.250000 -1581397.375000 -4639104.000000
117 -132957.125000 -1776375.125000 -1985333.250000 -2509529.500000 -2351503.750000 -1266786.000000 -3575218.750000 -5596773.500000
118 -49948.914062 -1917166.375000 -2105355.000000 -2542553.500000 -1814982.500000 -1029983.375000 -3406066.750000 -5148219.500000
119 -169531.734375 -2104527.500000 -1904605.875000 -2687456.250000 -2099892.500000 -1272909.000000 -3229888.500000 -5223156.500000
120 -53951.265625 -1916170.875000 -1720579.625000 -2093285.500000 -2045323.875000 -1203434.875000 -3364022.250000 -5120310.500000
121 -46018.238281 -1884706.125000 -1678820.500000 -2437685.000000 -2132726.500000 -744649.312500 -2415888.000000 -4829122.500000
122 -96703.070312 -2176446.500000 -2217011.000000 -2865311.000000 -2628760.750000 -1694100.375000 -3688610.750000 -5341663.500000
123 -33160.703125 -2044098.375000 -1949196.750000 -2380653.750000 -2588850.250000 -1667132.125000 -3993791.250000 -4941975.000000
124 -16942.726562 -2072145.750000 -2100937.250000 -2668031.250000 -2464398.500000 -1019879.187500 -3045026.500000 -5008540.000000
125 213384.390625 -1645814.000000 -1632405.750000 -2069893.750000 -1862410.750000 -29704.921875 -2666407.000000 -4886688.500000
126 -7292.179688 -1834631.625000 -1851654.000000 -2463809.250000 -2241697.000000 -1539564.250000 -3183164.500000 -5171850.000000
127 -101394.273438 -2082631.375000 -1754243.750000 -2705701.250000 -2274662.000000 -1331994.125000 -3591333.750000 -5161925.500000
128 -37054.042969 -2138194.750000 -2188099.750000 -2672460.750000 -2697760.500000 -1898817.750000 -3332535.000000 -5517683.000000
129 -40618.273438 -2058009.625000 -2072940.750000 -2426483.750000 -2286122.250000 -2268740.250000 -3493198.750000 -5610576.000000
130 -169999.125000 -2161437.000000 -2088983.875000 -2706575.500000 -2522861.500000 -2209273.250000 -3831888.500000 -5567136.000000
131 -101156.875000 -1923667.500000 -2091260.250000 -2700594.750000 -2140240.750000 -1658809.250000 -3287551.250000 -5561650.000000
132 -66241.078125 -1745395.000000 -1582332.750000 -2171153.000000 -1438030.750000 -1008126.250000 -2215228.000000 -4545322.000000
133 126292.671875 -1530342.375000 -1414059.875000 -2061083.000000 -1031628.375000 -1071875.375000 -1825838.000000 -4768611.500000
134 -84553.843750 -1954333.250000 -2039887.625000 -3070641.000000 -2485406.500000 -1857043.000000 -3965495.500000 -5858707.000000
135 402814.843750 -1297656.250000 -1215633.125000 -1851378.375000 -1218973.250000 -640753.562500 -2308853.500000 -4295381.500000
136 -124185.242188 -2146886.750000 -2190432.250000 -2605979.500000 -2830254.750000 -1888785.375000 -3721559.500000 -5678001.500000
137 -4451.345703 -2024238.125000 -2064553.750000 -2584780.500000 -2605777.000000 -1162454.375000 -3080058.000000 -5708604.500000
138 -153431.593750 -2210174.000000 -1975385.375000 -2920964.000000 -2519429.000000 -1632796.500000 -4507748.000000 -6687762.000000
139 -273471.000000 -1947927.750000 -2012298.250000 -2654046.250000 -3002199.750000 -1414391.875000 -3547573.000000 -5551492.000000
140 -15297.118164 -1709098.375000 -1848326.875000 -2161849.000000 -1990203.250000 -1486959.625000 -2959453.750000 -5210663.500000
141 -107583.226562 -2058190.500000 -1954399.500000 -2559171.000000 -2633168.500000 -1394092.500000 -3264394.000000 -6100900.500000
142 -299885.656250 -1951855.750000 -1963472.875000 -2701258.500000 -2910501.250000 -1693611.625000 -4291069.500000 -5828502.500000
143 -241344.218750 -2114788.750000 -2194378.500000 -2905363.000000 -2761743.500000 -1365803.500000 -3485756.250000 -6083823.000000
144 -131415.875000 -2097718.250000 -2032464.250000 -2840048.250000 -2827270.000000 -1057570.125000 -3461039.500000 -5699088.500000
145 -75409.625000 -1747395.375000 -1743666.375000 -2443062.750000 -2463846.000000 -895686.375000 -3216854.500000 -5512324.500000
146 -171076.859375 -2097261.250000 -1986945.875000 -2723611.000000 -2905466.750000 -998238.375000 -3613420.000000 -5717313.500000
147 -187568.906250 -2090014.625000 -2122674.250000 -2864212.750000 -2420360.500000 -889940.500000 -3720746.250000 -5880072.000000
148 -252517.531250 -2059962.500000 -1819164.750000 -2503576.750000 -2736475.750000 -861532.625000 -2483500.500000 -5372562.000000
149 -156379.312500 -2032157.500000 -2148660.500000 -2730934.000000 -2436693.750000 -495774.531250 -2787401.250000 -5570371.500000
150 -104652.507812 -2084443.250000 -1885396.250000 -2564338.250000 -2038624.625000 -1397056.375000 -3772710.250000 -6014631.000000
151 -186665.187500 -2029673.750000 -2183519.750000 -2867491.750000 -2716846.750000 -1200355.375000 -3789469.000000 -5761601.000000
152 -58078.625000 -2219609.750000 -2030385.000000 -2812069.250000 -2374530.250000 -661117.312500 -3428036.000000 -5534692.000000
153 -241900.984375 -2081288.750000 -1972248.500000 -2895491.750000 -1838437.000000 -683728.687500 -3057611.750000 -5893175.000000
154 -168761.046875 -1965536.125000 -1912974.375000 -2584074.750000 -2535598.750000 -1359466.375000 -2427472.000000 -5508398.500000
155 -157050.421875 -2201165.500000 -2161025.250000 -2834458.500000 -2409953.750000 -995713.125000 -3789083.250000 -5554388.500000
156 -177262.156250 -2139068.750000 -1784030.375000 -2660695.500000 -2422439.500000 -1137850.500000 -3083750.750000 -5864773.000000
157 -21314.824219 -2170876.750000 -1948809.875000 -2694041.250000 -2406743.500000 -1248346.000000 -3593078.750000 -6327154.000000
158 -158312.062500 -1943426.250000 -2112176.000000 -2603734.250000 -2739130.000000 -1211125.625000 -3867317.250000 -6041244.500000
159 -139375.312500 -2126836.750000 -2035829.750000 -2705013.750000 -2670640.250000 -935920.437500 -3513767.500000 -5175537.000000
160 -140857.468750 -2066699.250000 -1947195.625000 -2887921.750000 -2822883.500000 -534871.500000 -3681222.750000 -5934498.000000
161 -169010.437500 -2102318.500000 -2308735.750000 -2779156.000000 -2653500.000000 -780494.312500 -3979602.750000 -6370274.000000
162 -84121.960938 -1748361.250000 -1784852.000000 -2823981.750000 -2291921.000000 -553940.812500 -3509343.000000 -6083857.500000
163 -125163.492188 -1918118.750000 -1604155.750000 -2281749.500000 -1829649.375000 731885.812500 -2355126.750000 -4994656.000000
164 -199113.484375 -2225908.750000 -2119071.750000 -2737637.750000 -2621403.750000 -642240.375000 -2963358.750000 -5906266.500000
165 -118107.617188 -2129575.000000 -1895042.500000 -2603631.500000 -2320295.750000 -193269.546875 -3327266.500000 -5931468.500000
166 -172864.078125 -2175106.250000 -2021598.250000 -2606007.750000 -2291949.250000 -517213.718750 -3118802.000000 -6150676.000000
167 -121765.476562 -1873594.625000 -1534900.625000 -2408731.500000 -1980599.750000 211808.171875 -3070419.000000 -5227642.500000
168 -101493.492188 -1691349.125000 -1598171.125000 -2303037.500000 -1671396.125000 441547.531250 -2844584.750000 -5351676.000000
169 -204496.578125 -2149664.750000 -1902260.125000 -2673199.000000 -1927060.125000 426481.343750 -3280881.750000 -5446398.000000
170 -73978.960938 -1951864.375000 -1953530.375000 -2583106.000000 -1971108.500000 189829.328125 -1759753.250000 -6107343.000000
171 -148223.625000 -2073200.625000 -1881773.500000 -2320962.000000 -1954502.375000 1162143.000000 -2795495.250000 -5846758.000000
172 -116561.921875 -1986572.375000 -1986961.875000 -2689927.250000 -2468016.750000 1449588.250000 -3083531.750000 -5530622.500000
173 -221366.343750 -1901713.500000 -1991347.250000 -2607794.500000 -1743904.250000 -280773.468750 125508.976562 -5504696.500000
174 -218535.218750 -2376294.750000 -1978774.375000 -2579919.500000 1974333.500000 2174442.500000 -3827446.500000 -6008604.000000
175 -193537.031250 -2007316.625000 -1778050.000000 -2147535.250000 -2142700.250000 2214934.500000 -2961392.250000 -5236872.500000
176 39954.949219 -1802526.125000 -1826446.250000 -2516923.250000 -878541.937500 1923881.000000 -1869484.250000 -5429925.500000
177 -159702.718750 -1943089.375000 -2047030.375000 -2517525.750000 -212424.937500 1343454.875000 -2165882.750000 -5496712.500000
178 14409.779297 -1789016.250000 -1743218.625000 -2128627.500000 -1143954.500000 1045320.375000 854764.812500 -5240542.000000
179 -291490.218750 -2085445.500000 -2272517.500000 -2846527.250000 -1548405.250000 1860646.250000 -2768726.500000 -5748949.500000
180 -195836.468750 -2273159.000000 -2040650.750000 -3002602.250000 -2010566.125000 242336.765625 -1982892.125000 -5675332.000000
181 -170709.921875 -2091836.250000 -2200246.750000 -2688170.500000 -2011768.375000 3963652.250000 -1562020.000000 -6157667.000000
182 58720.808594 -1712997.750000 -1589850.625000 -1782879.625000 -297922.125000 1861601.375000 1250560.375000 -5262368.000000
183 -102036.437500 -2013116.625000 -1828199.375000 -2712179.000000 -2118405.500000 1887871.750000 -237799.218750 -5569874.000000
184 -74186.601562 -1817661.875000 -1782461.750000 -2297604.250000 -747231.062500 2506413.750000 -999872.375000 -5711253.500000
185 71281.820312 -1819663.750000 -1862097.000000 -2636696.000000 -324706.437500 1066984.125000 -2317295.250000 -5327819.000000
186 63676.558594 -1944013.750000 -1942252.500000 -2514548.250000 -1972942.250000 2769168.500000 -730024.375000 -5191657.000000
187 -84712.789062 -1712189.875000 -1317272.000000 -2102059.000000 620735.375000 704137.062500 826692.375000 -4752420.000000
188 77359.328125 -1761089.875000 -1646652.125000 -2367677.000000 1230503.750000 3281960.000000 -76607.539062 -4919144.000000
189 33565.058594 -1738330.625000 -1542758.125000 -1945758.375000 2727758.250000 2148654.000000 -967386.500000 -5182271.000000
190 331059.968750 -1391095.375000 -1074185.875000 -1557738.500000 2990102.750000 1894740.375000 3467091.250000 -4298382.000000
191 -2768.472900 -1877259.500000 -1791760.625000 -2341609.000000 1725202.875000 3186666.000000 2262238.500000 -5032104.500000
192 42857.492188 -1750925.375000 -1795706.250000 -2707653.500000 3026529.250000 2665285.750000 -943638.375000 -5507502.500000
193 151318.750000 -1735355.000000 -1545796.625000 -2157436.250000 1956434.500000 2405755.500000 -644110.437500 -5332084.000000
194 38038.769531 -1687428.750000 -1695382.625000 -2414481.250000 2831317.500000 2003770.125000 -455204.093750 -5391610.500000
195 117040.765625 -1617177.750000 -1473044.000000 -2316142.000000 -561546.562500 5351936.000000 367072.875000 -4854984.500000
196 98171.671875 -1704851.125000 -1707920.000000 -2490292.750000 -872200.187500 7035544.500000 -25875.619141 -5086210.500000
197 -60314.808594 -1819214.000000 -2035711.750000 -2096323.000000 -686883.812500 5994383.500000 -705878.750000 -5220917.000000
198 -8311.481445 -1835418.375000 -1680245.125000 -2410017.250000 -1459811.625000 6420042.500000 4638353.000000 -5399307.500000
199 -31312.599609 -1661606.500000 -1834843.000000 -2461530.250000 -747960.562500 10271969.000000 6732739.000000 -5471236.500000
200 26356.496094 -1659506.250000 -1634623.375000 -2498150.250000 4625494.000000 6060601.500000 638026.562500 -5333768.500000
201 -62469.796875 -1965153.125000 -1627855.125000 -2347112.000000 281643.750000 10735835.000000 7021290.000000 -5047530.500000
202 67523.328125 -1784016.125000 -1677450.750000 -2334215.750000 872221.937500 29678240.000000 4499346.500000 -5170261.500000
203 -57539.886719 -1859136.000000 -1899870.625000 -2656058.750000 994251.687500 10693735.000000 427103.000000 -5490209.500000
204 -297078.312500 -1966191.375000 -1807397.250000 -2674950.750000 -460838.687500 7622927.000000 20211914.000000 -5794280.500000
205 -264966.531250 -1917503.250000 -2062676.125000 -2518902.750000 31609658.000000 5766807.500000 5111200.500000 -5511450.500000
206 -197608.500000 -1965606.500000 -2027398.375000 -2518140.000000 999267.125000 12703054.000000 27056764.000000 -5724212.000000
207 -170943.203125 -2081282.000000 -2192074.250000 -2674709.750000 4102154.250000 9140060.000000 2187516.250000 -5479922.500000
208 -11332.159180 -1908444.625000 -1851235.500000 -2665644.500000 2569698.250000 26546544.000000 5669062.500000 -5467299.500000
209 -19395.416016 -1880612.375000 -1932083.000000 -2394307.750000 3698354.750000 46141764.000000 5453259.000000 -5774670.500000
210 -195013.687500 -2244037.750000 -1850260.750000 -2816189.500000 3153199.000000 16956366.000000 5288779.000000 -5791631.000000
211 -139421.437500 -2101834.500000 -2040225.625000 -2868154.750000 4781697.000000 18930292.000000 4869884.500000 -5613283.000000
212 -217632.281250 -2277857.000000 -2136245.500000 -2960309.750000 38293980.000000 16837724.000000 4024343.750000 -5680790.000000
213 -184845.734375 -2198326.500000 -2119029.000000 -2617926.500000 2415188.000000 19381184.000000 9172476.000000 -5297118.000000
214 -140563.968750 -1923304.375000 -1620852.500000 -2415463.750000 4031946.500000 11582870.000000 579593.562500 -5801448.000000
215 -196336.468750 -1946542.375000 -1892312.375000 -3031832.250000 4778827.000000 12261929.000000 5487884.000000 -5625997.000000
216 -132539.421875 -2132788.000000 -1961226.875000 -2801651.500000 8907396.000000 19961936.000000 6481613.000000 -5379230.000000
217 -118674.742188 -2082730.625000 -2061240.875000 -2744612.000000 4876306.000000 15351552.000000 6895551.000000 -5285451.000000
218 -245759.390625 -2046041.125000 -2052331.000000 -2855249.500000 6177544.000000 9077864.000000 5656259.500000 -5126095.000000
219 -58626.515625 -2104040.500000 -1829637.375000 -2655300.750000 4894065.500000 15038348.000000 9135142.000000 -5833510.000000
220 -36612.335938 -2131405.750000 -2162768.250000 -2794944.250000 1537356.375000 19853512.000000 5894658.000000 -4890051.000000
221 -213718.000000 -2170929.250000 -1924874.125000 -2787366.000000 4658617.500000 12013964.000000 4752934.500000 -5349834.000000
222 -96224.703125 -2108606.750000 -2124635.250000 -2749754.750000 1627531.375000 11737598.000000 12700152.000000 -5728392.000000
223 -25450.830078 -2231435.500000 -1947625.500000 -3115959.000000 1109272.250000 9949985.000000 12960249.000000 -5583269.500000
224 -128424.031250 -1985557.125000 -2018620.375000 -2732563.000000 847974.812500 12296937.000000 10899477.000000 -5717864.500000
225 -22582.257812 -2086713.625000 -1900574.500000 -2676294.500000 5627736.000000 9153615.000000 5450058.500000 -5626951.500000
226 -92395.796875 -2188227.500000 -2182170.000000 -2687137.250000 2435707.250000 17780614.000000 8445075.000000 -5388743.500000
227 -206434.046875 -2297137.500000 -1992399.000000 -2800311.250000 1273227.875000 20000922.000000 8893387.000000 -5655772.500000
228 -296978.687500 -2194006.750000 -2225276.750000 -2620000.000000 4173074.000000 13181593.000000 6811125.000000 -6029283.000000
229 -80302.484375 -1858347.625000 -1839905.125000 -2972896.500000 7574583.000000 13940502.000000 5444487.500000 -5468135.000000
230 -42966.437500 -1575009.750000 -1317553.375000 -1896253.750000 5313696.500000 14325098.000000 10482786.000000 -4957731.000000
231 -64581.792969 -1765314.125000 -1777685.500000 -2463960.250000 2780261.250000 13796451.000000 13219359.000000 -5153088.000000
232 -28936.578125 -1942867.000000 -1781508.000000 -2684689.500000 2768432.250000 14203772.000000 14067670.000000 -5763924.000000
233 -81283.312500 -2071046.000000 -2024566.750000 -2694869.250000 2606581.250000 13935719.000000 7665969.000000 -5838107.000000
234 -216751.359375 -2132865.500000 -2112781.750000 -2846442.000000 1950721.125000 27853618.000000 5235734.500000 -5356794.000000
235 -194235.234375 -1940442.250000 -1867707.250000 -2890066.000000 5253131.000000 21181314.000000 47861188.000000 -5385684.000000
236 -26671.482422 -1903807.875000 -2087443.625000 -2750150.750000 1812285.625000 15829747.000000 14417199.000000 -5518130.500000
237 -91677.000000 -1886258.625000 -1869368.750000 -2708130.750000 18748832.000000 13438850.000000 8845820.000000 -5294022.000000
238 -176737.359375 -2029461.375000 -1885736.375000 -2523906.000000 5893152.500000 14661022.000000 59016684.000000 -5167733.500000
239 -200867.093750 -2052040.375000 -1967516.625000 -2731632.500000 2371006.500000 23693812.000000 16033010.000000 -5115542.000000
240 91013.109375 -1804508.375000 -1720698.750000 -2624167.750000 6047855.500000 17709804.000000 13953114.000000 -5089627.500000
241 -78941.812500 -1767461.125000 -1787107.125000 -2447624.500000 2060633.875000 48405284.000000 3923883.250000 -4721770.500000
242 -168216.062500 -1782766.125000 -1536891.875000 -2455783.750000 35995928.000000 13168614.000000 11468624.000000 -4884295.000000
243 -39025.574219 -2015987.500000 -1892384.750000 -2672299.000000 5252457.500000 20872790.000000 11348407.000000 -5414905.500000
244 -183440.140625 -1836897.750000 -2098403.000000 -2554959.000000 4205155.000000 25622716.000000 7855880.000000 -4992586.500000
245 -113957.882812 -1902870.875000 -1937337.625000 -2552590.250000 3164983.750000 39303628.000000 27789970.000000 -5503932.500000
246 444872.718750 -1326551.500000 -772467.312500 -1664125.000000 6556743.000000 17136332.000000 41944560.000000 -3505052.750000
247 -21233.150391 -2128890.500000 -2124018.250000 -2751808.250000 8980228.000000 9043813.000000 15278527.000000 -5689860.500000
248 -229529.812500 -2134749.500000 -2078066.625000 -2864851.000000 2884349.000000 15681879.000000 7455854.000000 -6242751.000000
249 -67374.546875 -2154273.750000 -2127655.500000 -2791719.750000 4210090.500000 16177930.000000 13130888.000000 -5713982.000000
250 -58125.382812 -1792669.375000 -1710903.375000 -2255101.500000 3839306.250000 18932244.000000 7753548.500000 -5223900.500000
251 188016.546875 -1875168.875000 -1842151.250000 -2412468.750000 6822512.000000 9394187.000000 16170124.000000 -5062795.500000
252 170579.078125 -1706198.375000 -1500127.875000 -1988113.250000 5276084.000000 18577884.000000 13755338.000000 -5027611.000000
253 10207.269531 -2015677.625000 -1749802.000000 -2040861.375000 4151183.500000 18492532.000000 15644411.000000 -4924745.500000
254 355539.437500 -1168818.375000 -871377.437500 -956490.750000 6705569.000000 14626286.000000 16662963.000000 -3764266.500000
255 165360.109375 -1705584.000000 -1607065.750000 -2017067.500000 8187215.000000 20209222.000000 12745690.000000 -4682758.000000
256 -23585.441406 -1959252.000000 -1822144.250000 -2694436.750000 8260638.000000 27638004.000000 11759584.000000 -5346160.000000
